Seyonic Pipettor Initializing...,Thu Nov 16 10:23:56 2023,
