Seyonic Pipettor Initializing...,Fri Aug 25 13:27:09 2023,
