Move relative down by 100000,0.95,
